scale_df 

 15  Variables      773  Observations
----------------------------------------------------------------------------------------------------------------------------------------
Empathy_1 
       n  missing distinct     Info     Mean      Gmd      .05      .10      .25      .50      .75      .90      .95 
     773        0       11    0.983    4.947     3.08        0        1        3        5        7        8        9 
                                                                            
Value          0     1     2     3     4     5     6     7     8     9    10
Frequency     62    32    83    52    63   169    78    60   103    49    22
Proportion 0.080 0.041 0.107 0.067 0.082 0.219 0.101 0.078 0.133 0.063 0.028
----------------------------------------------------------------------------------------------------------------------------------------
Empathy_2Rev 
       n  missing distinct     Info     Mean      Gmd      .05      .10      .25      .50      .75      .90      .95 
     773        0       11    0.984    6.259    3.264        1        2        4        6        9       10       10 
                                                                            
Value          0     1     2     3     4     5     6     7     8     9    10
Frequency     12    34    71    36    48   114    77    67   110    59   145
Proportion 0.016 0.044 0.092 0.047 0.062 0.147 0.100 0.087 0.142 0.076 0.188
----------------------------------------------------------------------------------------------------------------------------------------
Empathy_3 
       n  missing distinct     Info     Mean      Gmd      .05      .10      .25      .50      .75      .90      .95 
     773        0       11    0.985    5.745    3.243        0        1        4        6        8        9       10 
                                                                            
Value          0     1     2     3     4     5     6     7     8     9    10
Frequency     59    25    41    39    51   144    77    75   119    76    67
Proportion 0.076 0.032 0.053 0.050 0.066 0.186 0.100 0.097 0.154 0.098 0.087
----------------------------------------------------------------------------------------------------------------------------------------
Empathy_4Rev 
       n  missing distinct     Info     Mean      Gmd      .05      .10      .25      .50      .75      .90      .95 
     773        0       11    0.979    6.092    3.011      1.6      2.0      5.0      6.0      8.0     10.0     10.0 
                                                                            
Value          0     1     2     3     4     5     6     7     8     9    10
Frequency     10    29    46    46    61   176    65    58   123    44   115
Proportion 0.013 0.038 0.060 0.060 0.079 0.228 0.084 0.075 0.159 0.057 0.149
----------------------------------------------------------------------------------------------------------------------------------------
Empathy_5 
       n  missing distinct     Info     Mean      Gmd      .05      .10      .25      .50      .75      .90      .95 
     773        0       11    0.982    5.426    3.022        0        1        4        5        8        9        9 
                                                                            
Value          0     1     2     3     4     5     6     7     8     9    10
Frequency     52    30    52    37    58   168    93    70   122    57    34
Proportion 0.067 0.039 0.067 0.048 0.075 0.217 0.120 0.091 0.158 0.074 0.044
----------------------------------------------------------------------------------------------------------------------------------------
Empathy_6 
       n  missing distinct     Info     Mean      Gmd      .05      .10      .25      .50      .75      .90      .95 
     773        0       11    0.983    4.704     3.26        0        0        2        5        7        8        9 
                                                                            
Value          0     1     2     3     4     5     6     7     8     9    10
Frequency     83    52    78    45    56   171    65    60    92    42    29
Proportion 0.107 0.067 0.101 0.058 0.072 0.221 0.084 0.078 0.119 0.054 0.038
----------------------------------------------------------------------------------------------------------------------------------------
Empathy_7Rev 
       n  missing distinct     Info     Mean      Gmd      .05      .10      .25      .50      .75      .90      .95 
     773        0       11    0.969    7.006    2.994        2        3        5        8       10       10       10 
                                                                            
Value          0     1     2     3     4     5     6     7     8     9    10
Frequency      9    23    33    27    37   114    69    41   156    61   203
Proportion 0.012 0.030 0.043 0.035 0.048 0.147 0.089 0.053 0.202 0.079 0.263
----------------------------------------------------------------------------------------------------------------------------------------
Empathy_8 
       n  missing distinct     Info     Mean      Gmd      .05      .10      .25      .50      .75      .90      .95 
     773        0       11    0.982    4.765    3.175        0        1        2        5        7        8        9 
                                                                            
Value          0     1     2     3     4     5     6     7     8     9    10
Frequency     68    51    94    42    49   172    63    75    95    41    23
Proportion 0.088 0.066 0.122 0.054 0.063 0.223 0.082 0.097 0.123 0.053 0.030
----------------------------------------------------------------------------------------------------------------------------------------
Empathy_9 
       n  missing distinct     Info     Mean      Gmd      .05      .10      .25      .50      .75      .90      .95 
     773        0       11     0.98    4.435    3.113        0        0        2        5        6        8        9 
                                                                            
Value          0     1     2     3     4     5     6     7     8     9    10
Frequency     90    49    91    47    55   185    74    58    70    39    15
Proportion 0.116 0.063 0.118 0.061 0.071 0.239 0.096 0.075 0.091 0.050 0.019
----------------------------------------------------------------------------------------------------------------------------------------
Empathy_10Rev 
       n  missing distinct     Info     Mean      Gmd      .05      .10      .25      .50      .75      .90      .95 
     773        0       11    0.883    7.907    2.691        3        4        5        9       10       10       10 
                                                                            
Value          0     1     2     3     4     5     6     7     8     9    10
Frequency      5    10    22    14    31   114    29    37    82    57   372
Proportion 0.006 0.013 0.028 0.018 0.040 0.147 0.038 0.048 0.106 0.074 0.481
----------------------------------------------------------------------------------------------------------------------------------------
Empathy_11Rev 
       n  missing distinct     Info     Mean      Gmd      .05      .10      .25      .50      .75      .90      .95 
     773        0       11     0.98    6.454    3.382        1        2        4        7        9       10       10 
                                                                            
Value          0     1     2     3     4     5     6     7     8     9    10
Frequency     16    33    62    41    53   102    58    53   107    68   180
Proportion 0.021 0.043 0.080 0.053 0.069 0.132 0.075 0.069 0.138 0.088 0.233
----------------------------------------------------------------------------------------------------------------------------------------
Empathy_12 
       n  missing distinct     Info     Mean      Gmd      .05      .10      .25      .50      .75      .90      .95 
     773        0       11    0.986    5.175    3.161        0        1        3        5        7        9        9 
                                                                            
Value          0     1     2     3     4     5     6     7     8     9    10
Frequency     65    24    78    45    59   144    90    76   103    57    32
Proportion 0.084 0.031 0.101 0.058 0.076 0.186 0.116 0.098 0.133 0.074 0.041
----------------------------------------------------------------------------------------------------------------------------------------
Empathy_13Rev 
       n  missing distinct     Info     Mean      Gmd      .05      .10      .25      .50      .75      .90      .95 
     773        0       11    0.975    6.838    3.106      2.0      2.2      5.0      8.0      9.0     10.0     10.0 
                                                                            
Value          0     1     2     3     4     5     6     7     8     9    10
Frequency      9    19    50    32    46   114    59    43   134    80   187
Proportion 0.012 0.025 0.065 0.041 0.060 0.147 0.076 0.056 0.173 0.103 0.242
----------------------------------------------------------------------------------------------------------------------------------------
Empathy_14Rev 
       n  missing distinct     Info     Mean      Gmd      .05      .10      .25      .50      .75      .90      .95 
     772        1       11    0.951        7    3.118        2        3        5        8       10       10       10 
                                                                            
Value          0     1     2     3     4     5     6     7     8     9    10
Frequency     11    18    31    27    42   166    49    41    77    52   258
Proportion 0.014 0.023 0.040 0.035 0.054 0.215 0.063 0.053 0.100 0.067 0.334
----------------------------------------------------------------------------------------------------------------------------------------
Empathy_15 
       n  missing distinct     Info     Mean      Gmd      .05      .10      .25      .50      .75      .90      .95 
     773        0       11    0.984    5.439    3.258        0        1        4        5        8        9       10 
                                                                            
Value          0     1     2     3     4     5     6     7     8     9    10
Frequency     63    37    54    30    54   153    86    61   122    61    52
Proportion 0.082 0.048 0.070 0.039 0.070 0.198 0.111 0.079 0.158 0.079 0.067
----------------------------------------------------------------------------------------------------------------------------------------
Empathy_1
  The decimal point is at the |

   0 | 00000000000000000000000000000000000000000000000000000000000000
   1 | 00000000000000000000000000000000
   2 | 00000000000000000000000000000000000000000000000000000000000000000000+3
   3 | 0000000000000000000000000000000000000000000000000000
   4 | 000000000000000000000000000000000000000000000000000000000000000
   5 | 00000000000000000000000000000000000000000000000000000000000000000000+89
   6 | 00000000000000000000000000000000000000000000000000000000000000000000
   7 | 000000000000000000000000000000000000000000000000000000000000
   8 | 00000000000000000000000000000000000000000000000000000000000000000000+23
   9 | 0000000000000000000000000000000000000000000000000
  10 | 0000000000000000000000

Empathy_2Rev
  The decimal point is at the |

   0 | 000000000000
   1 | 0000000000000000000000000000000000
   2 | 00000000000000000000000000000000000000000000000000000000000000000000
   3 | 000000000000000000000000000000000000
   4 | 000000000000000000000000000000000000000000000000
   5 | 00000000000000000000000000000000000000000000000000000000000000000000+34
   6 | 00000000000000000000000000000000000000000000000000000000000000000000
   7 | 0000000000000000000000000000000000000000000000000000000000000000000
   8 | 00000000000000000000000000000000000000000000000000000000000000000000+30
   9 | 00000000000000000000000000000000000000000000000000000000000
  10 | 00000000000000000000000000000000000000000000000000000000000000000000+65

Empathy_3
  The decimal point is at the |

   0 | 00000000000000000000000000000000000000000000000000000000000
   1 | 0000000000000000000000000
   2 | 00000000000000000000000000000000000000000
   3 | 000000000000000000000000000000000000000
   4 | 000000000000000000000000000000000000000000000000000
   5 | 00000000000000000000000000000000000000000000000000000000000000000000+64
   6 | 00000000000000000000000000000000000000000000000000000000000000000000
   7 | 00000000000000000000000000000000000000000000000000000000000000000000
   8 | 00000000000000000000000000000000000000000000000000000000000000000000+39
   9 | 00000000000000000000000000000000000000000000000000000000000000000000
  10 | 0000000000000000000000000000000000000000000000000000000000000000000

Empathy_4Rev
  The decimal point is at the |

   0 | 0000000000
   1 | 00000000000000000000000000000
   2 | 0000000000000000000000000000000000000000000000
   3 | 0000000000000000000000000000000000000000000000
   4 | 0000000000000000000000000000000000000000000000000000000000000
   5 | 00000000000000000000000000000000000000000000000000000000000000000000+96
   6 | 00000000000000000000000000000000000000000000000000000000000000000
   7 | 0000000000000000000000000000000000000000000000000000000000
   8 | 00000000000000000000000000000000000000000000000000000000000000000000+43
   9 | 00000000000000000000000000000000000000000000
  10 | 00000000000000000000000000000000000000000000000000000000000000000000+35

Empathy_5
  The decimal point is at the |

   0 | 0000000000000000000000000000000000000000000000000000
   1 | 000000000000000000000000000000
   2 | 0000000000000000000000000000000000000000000000000000
   3 | 0000000000000000000000000000000000000
   4 | 0000000000000000000000000000000000000000000000000000000000
   5 | 00000000000000000000000000000000000000000000000000000000000000000000+88
   6 | 00000000000000000000000000000000000000000000000000000000000000000000+13
   7 | 00000000000000000000000000000000000000000000000000000000000000000000
   8 | 00000000000000000000000000000000000000000000000000000000000000000000+42
   9 | 000000000000000000000000000000000000000000000000000000000
  10 | 0000000000000000000000000000000000

Empathy_6
  The decimal point is at the |

   0 | 00000000000000000000000000000000000000000000000000000000000000000000+3
   1 | 0000000000000000000000000000000000000000000000000000
   2 | 00000000000000000000000000000000000000000000000000000000000000000000
   3 | 000000000000000000000000000000000000000000000
   4 | 00000000000000000000000000000000000000000000000000000000
   5 | 00000000000000000000000000000000000000000000000000000000000000000000+91
   6 | 00000000000000000000000000000000000000000000000000000000000000000
   7 | 000000000000000000000000000000000000000000000000000000000000
   8 | 00000000000000000000000000000000000000000000000000000000000000000000+12
   9 | 000000000000000000000000000000000000000000
  10 | 00000000000000000000000000000

Empathy_7Rev
  The decimal point is at the |

   0 | 000000000
   1 | 00000000000000000000000
   2 | 000000000000000000000000000000000
   3 | 000000000000000000000000000
   4 | 0000000000000000000000000000000000000
   5 | 00000000000000000000000000000000000000000000000000000000000000000000+34
   6 | 00000000000000000000000000000000000000000000000000000000000000000000
   7 | 00000000000000000000000000000000000000000
   8 | 00000000000000000000000000000000000000000000000000000000000000000000+76
   9 | 0000000000000000000000000000000000000000000000000000000000000
  10 | 00000000000000000000000000000000000000000000000000000000000000000000+123

Empathy_8
  The decimal point is at the |

   0 | 00000000000000000000000000000000000000000000000000000000000000000000
   1 | 000000000000000000000000000000000000000000000000000
   2 | 00000000000000000000000000000000000000000000000000000000000000000000+14
   3 | 000000000000000000000000000000000000000000
   4 | 0000000000000000000000000000000000000000000000000
   5 | 00000000000000000000000000000000000000000000000000000000000000000000+92
   6 | 000000000000000000000000000000000000000000000000000000000000000
   7 | 00000000000000000000000000000000000000000000000000000000000000000000
   8 | 00000000000000000000000000000000000000000000000000000000000000000000+15
   9 | 00000000000000000000000000000000000000000
  10 | 00000000000000000000000

Empathy_9
  The decimal point is at the |

   0 | 00000000000000000000000000000000000000000000000000000000000000000000+10
   1 | 0000000000000000000000000000000000000000000000000
   2 | 00000000000000000000000000000000000000000000000000000000000000000000+11
   3 | 00000000000000000000000000000000000000000000000
   4 | 0000000000000000000000000000000000000000000000000000000
   5 | 00000000000000000000000000000000000000000000000000000000000000000000+105
   6 | 00000000000000000000000000000000000000000000000000000000000000000000
   7 | 0000000000000000000000000000000000000000000000000000000000
   8 | 00000000000000000000000000000000000000000000000000000000000000000000
   9 | 000000000000000000000000000000000000000
  10 | 000000000000000

Empathy_10Rev
  The decimal point is at the |

   0 | 00000
   1 | 0000000000
   2 | 0000000000000000000000
   3 | 00000000000000
   4 | 0000000000000000000000000000000
   5 | 00000000000000000000000000000000000000000000000000000000000000000000+34
   6 | 00000000000000000000000000000
   7 | 0000000000000000000000000000000000000
   8 | 00000000000000000000000000000000000000000000000000000000000000000000+2
   9 | 000000000000000000000000000000000000000000000000000000000
  10 | 00000000000000000000000000000000000000000000000000000000000000000000+292

Empathy_11Rev
  The decimal point is at the |

   0 | 0000000000000000
   1 | 000000000000000000000000000000000
   2 | 00000000000000000000000000000000000000000000000000000000000000
   3 | 00000000000000000000000000000000000000000
   4 | 00000000000000000000000000000000000000000000000000000
   5 | 00000000000000000000000000000000000000000000000000000000000000000000+22
   6 | 0000000000000000000000000000000000000000000000000000000000
   7 | 00000000000000000000000000000000000000000000000000000
   8 | 00000000000000000000000000000000000000000000000000000000000000000000+27
   9 | 00000000000000000000000000000000000000000000000000000000000000000000
  10 | 00000000000000000000000000000000000000000000000000000000000000000000+100

Empathy_12
  The decimal point is at the |

   0 | 00000000000000000000000000000000000000000000000000000000000000000
   1 | 000000000000000000000000
   2 | 00000000000000000000000000000000000000000000000000000000000000000000
   3 | 000000000000000000000000000000000000000000000
   4 | 00000000000000000000000000000000000000000000000000000000000
   5 | 00000000000000000000000000000000000000000000000000000000000000000000+64
   6 | 00000000000000000000000000000000000000000000000000000000000000000000+10
   7 | 00000000000000000000000000000000000000000000000000000000000000000000
   8 | 00000000000000000000000000000000000000000000000000000000000000000000+23
   9 | 000000000000000000000000000000000000000000000000000000000
  10 | 00000000000000000000000000000000

Empathy_13Rev
  The decimal point is at the |

   0 | 000000000
   1 | 0000000000000000000
   2 | 00000000000000000000000000000000000000000000000000
   3 | 00000000000000000000000000000000
   4 | 0000000000000000000000000000000000000000000000
   5 | 00000000000000000000000000000000000000000000000000000000000000000000+34
   6 | 00000000000000000000000000000000000000000000000000000000000
   7 | 0000000000000000000000000000000000000000000
   8 | 00000000000000000000000000000000000000000000000000000000000000000000+54
   9 | 00000000000000000000000000000000000000000000000000000000000000000000
  10 | 00000000000000000000000000000000000000000000000000000000000000000000+107

Empathy_14Rev
  The decimal point is at the |

   0 | 00000000000
   1 | 000000000000000000
   2 | 0000000000000000000000000000000
   3 | 000000000000000000000000000
   4 | 000000000000000000000000000000000000000000
   5 | 00000000000000000000000000000000000000000000000000000000000000000000+86
   6 | 0000000000000000000000000000000000000000000000000
   7 | 00000000000000000000000000000000000000000
   8 | 00000000000000000000000000000000000000000000000000000000000000000000
   9 | 0000000000000000000000000000000000000000000000000000
  10 | 00000000000000000000000000000000000000000000000000000000000000000000+178

Empathy_15
  The decimal point is at the |

   0 | 000000000000000000000000000000000000000000000000000000000000000
   1 | 0000000000000000000000000000000000000
   2 | 000000000000000000000000000000000000000000000000000000
   3 | 000000000000000000000000000000
   4 | 000000000000000000000000000000000000000000000000000000
   5 | 00000000000000000000000000000000000000000000000000000000000000000000+73
   6 | 00000000000000000000000000000000000000000000000000000000000000000000+6
   7 | 0000000000000000000000000000000000000000000000000000000000000
   8 | 00000000000000000000000000000000000000000000000000000000000000000000+42
   9 | 0000000000000000000000000000000000000000000000000000000000000
  10 | 0000000000000000000000000000000000000000000000000000

              Empathy_1 Empathy_2Rev Empathy_3 Empathy_4Rev Empathy_5 Empathy_6 Empathy_7Rev Empathy_8 Empathy_9 Empathy_10Rev
Empathy_2Rev       0.40                                                                                                       
Empathy_3          0.56         0.37                                                                                          
Empathy_4Rev       0.48         0.59      0.41                                                                                
Empathy_5          0.67         0.44      0.62         0.48                                                                   
Empathy_6          0.62         0.46      0.58         0.44      0.69                                                         
Empathy_7Rev       0.35         0.48      0.41         0.57      0.45      0.35                                               
Empathy_8          0.57         0.36      0.48         0.37      0.61      0.61         0.27                                  
Empathy_9          0.58         0.31      0.47         0.33      0.63      0.59         0.28      0.60                        
Empathy_10Rev      0.24         0.38      0.22         0.42      0.25      0.21         0.55      0.12      0.15              
Empathy_11Rev      0.52         0.57      0.49         0.59      0.61      0.54         0.56      0.50      0.48          0.43
Empathy_12         0.65         0.46      0.66         0.46      0.76      0.72         0.40      0.62      0.60          0.26
Empathy_13Rev      0.38         0.49      0.40         0.53      0.43      0.36         0.58      0.30      0.29          0.47
Empathy_14Rev      0.27         0.34      0.21         0.42      0.23      0.20         0.49      0.11      0.18          0.56
Empathy_15         0.61         0.39      0.73         0.42      0.69      0.62         0.40      0.54      0.52          0.22
              Empathy_11Rev Empathy_12 Empathy_13Rev Empathy_14Rev
Empathy_2Rev                                                      
Empathy_3                                                         
Empathy_4Rev                                                      
Empathy_5                                                         
Empathy_6                                                         
Empathy_7Rev                                                      
Empathy_8                                                         
Empathy_9                                                         
Empathy_10Rev                                                     
Empathy_11Rev                                                     
Empathy_12             0.58                                       
Empathy_13Rev          0.55       0.42                            
Empathy_14Rev          0.42       0.22          0.44              
Empathy_15             0.53       0.72          0.42          0.20

Reliability analysis   
Call: psych::alpha(x = scale_df)

  raw_alpha std.alpha G6(smc) average_r S/N    ase mean sd median_r
      0.93      0.93    0.94      0.45  13 0.0039  5.9  2     0.46

 lower alpha upper     95% confidence boundaries
0.92 0.93 0.93 

 Reliability if an item is dropped:
              raw_alpha std.alpha G6(smc) average_r S/N alpha se var.r med.r
Empathy_1          0.92      0.92    0.93      0.45  11   0.0043 0.023  0.46
Empathy_2Rev       0.92      0.92    0.94      0.46  12   0.0041 0.025  0.48
Empathy_3          0.92      0.92    0.93      0.45  12   0.0042 0.023  0.46
Empathy_4Rev       0.92      0.92    0.94      0.45  12   0.0042 0.025  0.47
Empathy_5          0.92      0.92    0.93      0.44  11   0.0044 0.021  0.46
Empathy_6          0.92      0.92    0.93      0.45  11   0.0043 0.022  0.46
Empathy_7Rev       0.92      0.92    0.94      0.46  12   0.0041 0.025  0.47
Empathy_8          0.92      0.92    0.94      0.46  12   0.0041 0.022  0.46
Empathy_9          0.92      0.92    0.94      0.46  12   0.0041 0.022  0.46
Empathy_10Rev      0.93      0.93    0.94      0.48  13   0.0039 0.020  0.48
Empathy_11Rev      0.92      0.92    0.93      0.44  11   0.0044 0.025  0.44
Empathy_12         0.92      0.92    0.93      0.44  11   0.0044 0.021  0.45
Empathy_13Rev      0.92      0.92    0.94      0.46  12   0.0041 0.025  0.48
Empathy_14Rev      0.93      0.93    0.94      0.48  13   0.0038 0.020  0.48
Empathy_15         0.92      0.92    0.93      0.45  11   0.0043 0.022  0.46

 Item statistics 
                n raw.r std.r r.cor r.drop mean  sd
Empathy_1     773  0.75  0.75  0.73   0.70  4.9 2.7
Empathy_2Rev  773  0.67  0.67  0.64   0.61  6.3 2.9
Empathy_3     773  0.73  0.72  0.71   0.67  5.7 2.9
Empathy_4Rev  773  0.71  0.72  0.69   0.66  6.1 2.7
Empathy_5     773  0.81  0.81  0.81   0.78  5.4 2.7
Empathy_6     773  0.76  0.76  0.75   0.72  4.7 2.9
Empathy_7Rev  773  0.68  0.68  0.66   0.62  7.0 2.7
Empathy_8     773  0.67  0.67  0.65   0.62  4.8 2.8
Empathy_9     773  0.67  0.67  0.64   0.61  4.4 2.7
Empathy_10Rev 773  0.52  0.52  0.48   0.45  7.9 2.6
Empathy_11Rev 773  0.80  0.80  0.78   0.76  6.5 3.0
Empathy_12    773  0.81  0.81  0.81   0.78  5.2 2.8
Empathy_13Rev 773  0.67  0.67  0.64   0.61  6.8 2.8
Empathy_14Rev 772  0.50  0.50  0.46   0.42  7.0 2.8
Empathy_15    773  0.76  0.76  0.75   0.72  5.4 2.9
scale_df 

 15  Variables      773  Observations
----------------------------------------------------------------------------------------------------------------------------------------
PAIR_1 
       n  missing distinct     Info     Mean      Gmd      .05      .10      .25      .50      .75      .90      .95 
     773        0       11    0.986    5.962    3.274        0        2        4        6        8       10       10 
                                                                            
Value          0     1     2     3     4     5     6     7     8     9    10
Frequency     52    24    53    28    40   120    98    68   129    71    90
Proportion 0.067 0.031 0.069 0.036 0.052 0.155 0.127 0.088 0.167 0.092 0.116
----------------------------------------------------------------------------------------------------------------------------------------
PAIR_2 
       n  missing distinct     Info     Mean      Gmd      .05      .10      .25      .50      .75      .90      .95 
     773        0       11    0.984    5.296    3.276        0        1        3        5        8        9       10 
                                                                            
Value          0     1     2     3     4     5     6     7     8     9    10
Frequency     68    21    79    44    44   155    72    76   113    46    55
Proportion 0.088 0.027 0.102 0.057 0.057 0.201 0.093 0.098 0.146 0.060 0.071
----------------------------------------------------------------------------------------------------------------------------------------
PAIR_3 
       n  missing distinct     Info     Mean      Gmd      .05      .10      .25      .50      .75      .90      .95 
     773        0       11    0.983    5.924    3.227        0        1        4        6        8       10       10 
                                                                            
Value          0     1     2     3     4     5     6     7     8     9    10
Frequency     47    33    48    24    42   144    73    73   139    71    79
Proportion 0.061 0.043 0.062 0.031 0.054 0.186 0.094 0.094 0.180 0.092 0.102
----------------------------------------------------------------------------------------------------------------------------------------
PAIR_4 
       n  missing distinct     Info     Mean      Gmd      .05      .10      .25      .50      .75      .90      .95 
     773        0       11    0.987     5.26    3.271        0        1        3        5        8        9       10 
                                                                            
Value          0     1     2     3     4     5     6     7     8     9    10
Frequency     55    39    83    46    42   126   108    75    95    48    56
Proportion 0.071 0.050 0.107 0.060 0.054 0.163 0.140 0.097 0.123 0.062 0.072
----------------------------------------------------------------------------------------------------------------------------------------
PAIR_5 
       n  missing distinct     Info     Mean      Gmd      .05      .10      .25      .50      .75      .90      .95 
     773        0       11    0.988    4.587    3.397        0        0        2        5        7        8       10 
                                                                            
Value          0     1     2     3     4     5     6     7     8     9    10
Frequency     88    57    99    46    60   128    69    63    89    34    40
Proportion 0.114 0.074 0.128 0.060 0.078 0.166 0.089 0.082 0.115 0.044 0.052
----------------------------------------------------------------------------------------------------------------------------------------
PAIR_6Rev 
       n  missing distinct     Info     Mean      Gmd      .05      .10      .25      .50      .75      .90      .95 
     773        0       11    0.974    4.787    3.078        0        1        3        5        6        9       10 
                                                                            
Value          0     1     2     3     4     5     6     7     8     9    10
Frequency     52    32   104    64    69   213    47    37    66    32    57
Proportion 0.067 0.041 0.135 0.083 0.089 0.276 0.061 0.048 0.085 0.041 0.074
----------------------------------------------------------------------------------------------------------------------------------------
PAIR_7Rev 
       n  missing distinct     Info     Mean      Gmd      .05      .10      .25      .50      .75      .90      .95 
     773        0       11    0.985    5.217    3.264        0        1        3        5        8        9       10 
                                                                            
Value          0     1     2     3     4     5     6     7     8     9    10
Frequency     41    40    82    60    82   152    55    38   107    51    65
Proportion 0.053 0.052 0.106 0.078 0.106 0.197 0.071 0.049 0.138 0.066 0.084
----------------------------------------------------------------------------------------------------------------------------------------
PAIR_8Rev 
       n  missing distinct     Info     Mean      Gmd      .05      .10      .25      .50      .75      .90      .95 
     773        0       11    0.986    5.802    3.694        0        1        3        6        9       10       10 
                                                                            
Value          0     1     2     3     4     5     6     7     8     9    10
Frequency     51    39    84    38    56    98    54    43   103    69   138
Proportion 0.066 0.050 0.109 0.049 0.072 0.127 0.070 0.056 0.133 0.089 0.179
----------------------------------------------------------------------------------------------------------------------------------------
PAIR_9Rev 
       n  missing distinct     Info     Mean      Gmd      .05      .10      .25      .50      .75      .90      .95 
     773        0       11    0.952    7.229    3.237      1.6      2.0      5.0      8.0     10.0     10.0     10.0 
                                                                            
Value          0     1     2     3     4     5     6     7     8     9    10
Frequency     24    15    48    24    46    74    44    30   104    95   269
Proportion 0.031 0.019 0.062 0.031 0.060 0.096 0.057 0.039 0.135 0.123 0.348
----------------------------------------------------------------------------------------------------------------------------------------
PAIR_10Rev 
       n  missing distinct     Info     Mean      Gmd      .05      .10      .25      .50      .75      .90      .95 
     773        0       11     0.97    6.658    3.509        1        2        5        8       10       10       10 
                                                                            
Value          0     1     2     3     4     5     6     7     8     9    10
Frequency     31    30    50    36    44   110    45    29    94    82   222
Proportion 0.040 0.039 0.065 0.047 0.057 0.142 0.058 0.038 0.122 0.106 0.287
----------------------------------------------------------------------------------------------------------------------------------------
PAIR_11Rev 
       n  missing distinct     Info     Mean      Gmd      .05      .10      .25      .50      .75      .90      .95 
     773        0       11    0.987     5.55    3.882        0        1        2        5        9       10       10 
                                                                            
Value          0     1     2     3     4     5     6     7     8     9    10
Frequency     70    47    80    49    68    79    39    41    95    62   143
Proportion 0.091 0.061 0.103 0.063 0.088 0.102 0.050 0.053 0.123 0.080 0.185
----------------------------------------------------------------------------------------------------------------------------------------
PAIR_12Rev 
       n  missing distinct     Info     Mean      Gmd      .05      .10      .25      .50      .75      .90      .95 
     773        0       11    0.976    6.618    3.504        1        2        4        8       10       10       10 
                                                                            
Value          0     1     2     3     4     5     6     7     8     9    10
Frequency     31    26    58    38    59    79    44    36   106    95   201
Proportion 0.040 0.034 0.075 0.049 0.076 0.102 0.057 0.047 0.137 0.123 0.260
----------------------------------------------------------------------------------------------------------------------------------------
PAIR_13Rev 
       n  missing distinct     Info     Mean      Gmd      .05      .10      .25      .50      .75      .90      .95 
     773        0       11    0.977    4.505    3.647        0        0        2        5        7       10       10 
                                                                            
Value          0     1     2     3     4     5     6     7     8     9    10
Frequency    120    50    89    42    49   190    33    25    52    37    86
Proportion 0.155 0.065 0.115 0.054 0.063 0.246 0.043 0.032 0.067 0.048 0.111
----------------------------------------------------------------------------------------------------------------------------------------
PAIR_14Rev 
       n  missing distinct     Info     Mean      Gmd      .05      .10      .25      .50      .75      .90      .95 
     773        0       11     0.97    6.734    3.259        1        2        5        7       10       10       10 
                                                                            
Value          0     1     2     3     4     5     6     7     8     9    10
Frequency     17    24    48    31    37   147    42    42   107    73   205
Proportion 0.022 0.031 0.062 0.040 0.048 0.190 0.054 0.054 0.138 0.094 0.265
----------------------------------------------------------------------------------------------------------------------------------------
PAIR_15Rev 
       n  missing distinct     Info     Mean      Gmd      .05      .10      .25      .50      .75      .90      .95 
     773        0       11    0.975    6.788     3.32        1        2        5        8        9       10       10 
                                                                            
Value          0     1     2     3     4     5     6     7     8     9    10
Frequency     26    16    58    34    40   105    36    41   119   107   191
Proportion 0.034 0.021 0.075 0.044 0.052 0.136 0.047 0.053 0.154 0.138 0.247
----------------------------------------------------------------------------------------------------------------------------------------
PAIR_1
  The decimal point is at the |

   0 | 0000000000000000000000000000000000000000000000000000
   1 | 000000000000000000000000
   2 | 00000000000000000000000000000000000000000000000000000
   3 | 0000000000000000000000000000
   4 | 0000000000000000000000000000000000000000
   5 | 00000000000000000000000000000000000000000000000000000000000000000000+40
   6 | 00000000000000000000000000000000000000000000000000000000000000000000+18
   7 | 00000000000000000000000000000000000000000000000000000000000000000000
   8 | 00000000000000000000000000000000000000000000000000000000000000000000+49
   9 | 00000000000000000000000000000000000000000000000000000000000000000000
  10 | 00000000000000000000000000000000000000000000000000000000000000000000+10

PAIR_2
  The decimal point is at the |

   0 | 00000000000000000000000000000000000000000000000000000000000000000000
   1 | 000000000000000000000
   2 | 00000000000000000000000000000000000000000000000000000000000000000000
   3 | 00000000000000000000000000000000000000000000
   4 | 00000000000000000000000000000000000000000000
   5 | 00000000000000000000000000000000000000000000000000000000000000000000+75
   6 | 00000000000000000000000000000000000000000000000000000000000000000000
   7 | 00000000000000000000000000000000000000000000000000000000000000000000
   8 | 00000000000000000000000000000000000000000000000000000000000000000000+33
   9 | 0000000000000000000000000000000000000000000000
  10 | 0000000000000000000000000000000000000000000000000000000

PAIR_3
  The decimal point is at the |

   0 | 00000000000000000000000000000000000000000000000
   1 | 000000000000000000000000000000000
   2 | 000000000000000000000000000000000000000000000000
   3 | 000000000000000000000000
   4 | 000000000000000000000000000000000000000000
   5 | 00000000000000000000000000000000000000000000000000000000000000000000+64
   6 | 00000000000000000000000000000000000000000000000000000000000000000000
   7 | 00000000000000000000000000000000000000000000000000000000000000000000
   8 | 00000000000000000000000000000000000000000000000000000000000000000000+59
   9 | 00000000000000000000000000000000000000000000000000000000000000000000
  10 | 00000000000000000000000000000000000000000000000000000000000000000000

PAIR_4
  The decimal point is at the |

   0 | 0000000000000000000000000000000000000000000000000000000
   1 | 000000000000000000000000000000000000000
   2 | 00000000000000000000000000000000000000000000000000000000000000000000+3
   3 | 0000000000000000000000000000000000000000000000
   4 | 000000000000000000000000000000000000000000
   5 | 00000000000000000000000000000000000000000000000000000000000000000000+46
   6 | 00000000000000000000000000000000000000000000000000000000000000000000+28
   7 | 00000000000000000000000000000000000000000000000000000000000000000000
   8 | 00000000000000000000000000000000000000000000000000000000000000000000+15
   9 | 000000000000000000000000000000000000000000000000
  10 | 00000000000000000000000000000000000000000000000000000000

PAIR_5
  The decimal point is at the |

   0 | 00000000000000000000000000000000000000000000000000000000000000000000+8
   1 | 000000000000000000000000000000000000000000000000000000000
   2 | 00000000000000000000000000000000000000000000000000000000000000000000+19
   3 | 0000000000000000000000000000000000000000000000
   4 | 000000000000000000000000000000000000000000000000000000000000
   5 | 00000000000000000000000000000000000000000000000000000000000000000000+48
   6 | 00000000000000000000000000000000000000000000000000000000000000000000
   7 | 000000000000000000000000000000000000000000000000000000000000000
   8 | 00000000000000000000000000000000000000000000000000000000000000000000+9
   9 | 0000000000000000000000000000000000
  10 | 0000000000000000000000000000000000000000

PAIR_6Rev
  The decimal point is at the |

   0 | 0000000000000000000000000000000000000000000000000000
   1 | 00000000000000000000000000000000
   2 | 00000000000000000000000000000000000000000000000000000000000000000000+24
   3 | 0000000000000000000000000000000000000000000000000000000000000000
   4 | 00000000000000000000000000000000000000000000000000000000000000000000
   5 | 00000000000000000000000000000000000000000000000000000000000000000000+133
   6 | 00000000000000000000000000000000000000000000000
   7 | 0000000000000000000000000000000000000
   8 | 000000000000000000000000000000000000000000000000000000000000000000
   9 | 00000000000000000000000000000000
  10 | 000000000000000000000000000000000000000000000000000000000

PAIR_7Rev
  The decimal point is at the |

   0 | 00000000000000000000000000000000000000000
   1 | 0000000000000000000000000000000000000000
   2 | 00000000000000000000000000000000000000000000000000000000000000000000+2
   3 | 000000000000000000000000000000000000000000000000000000000000
   4 | 00000000000000000000000000000000000000000000000000000000000000000000+2
   5 | 00000000000000000000000000000000000000000000000000000000000000000000+72
   6 | 0000000000000000000000000000000000000000000000000000000
   7 | 00000000000000000000000000000000000000
   8 | 00000000000000000000000000000000000000000000000000000000000000000000+27
   9 | 000000000000000000000000000000000000000000000000000
  10 | 00000000000000000000000000000000000000000000000000000000000000000

PAIR_8Rev
  The decimal point is at the |

   0 | 000000000000000000000000000000000000000000000000000
   1 | 000000000000000000000000000000000000000
   2 | 00000000000000000000000000000000000000000000000000000000000000000000+4
   3 | 00000000000000000000000000000000000000
   4 | 00000000000000000000000000000000000000000000000000000000
   5 | 00000000000000000000000000000000000000000000000000000000000000000000+18
   6 | 000000000000000000000000000000000000000000000000000000
   7 | 0000000000000000000000000000000000000000000
   8 | 00000000000000000000000000000000000000000000000000000000000000000000+23
   9 | 00000000000000000000000000000000000000000000000000000000000000000000
  10 | 00000000000000000000000000000000000000000000000000000000000000000000+58

PAIR_9Rev
  The decimal point is at the |

   0 | 000000000000000000000000
   1 | 000000000000000
   2 | 000000000000000000000000000000000000000000000000
   3 | 000000000000000000000000
   4 | 0000000000000000000000000000000000000000000000
   5 | 00000000000000000000000000000000000000000000000000000000000000000000
   6 | 00000000000000000000000000000000000000000000
   7 | 000000000000000000000000000000
   8 | 00000000000000000000000000000000000000000000000000000000000000000000+24
   9 | 00000000000000000000000000000000000000000000000000000000000000000000+15
  10 | 00000000000000000000000000000000000000000000000000000000000000000000+189

PAIR_10Rev
  The decimal point is at the |

   0 | 0000000000000000000000000000000
   1 | 000000000000000000000000000000
   2 | 00000000000000000000000000000000000000000000000000
   3 | 000000000000000000000000000000000000
   4 | 00000000000000000000000000000000000000000000
   5 | 00000000000000000000000000000000000000000000000000000000000000000000+30
   6 | 000000000000000000000000000000000000000000000
   7 | 00000000000000000000000000000
   8 | 00000000000000000000000000000000000000000000000000000000000000000000+14
   9 | 00000000000000000000000000000000000000000000000000000000000000000000+2
  10 | 00000000000000000000000000000000000000000000000000000000000000000000+142

PAIR_11Rev
  The decimal point is at the |

   0 | 00000000000000000000000000000000000000000000000000000000000000000000
   1 | 00000000000000000000000000000000000000000000000
   2 | 00000000000000000000000000000000000000000000000000000000000000000000
   3 | 0000000000000000000000000000000000000000000000000
   4 | 00000000000000000000000000000000000000000000000000000000000000000000
   5 | 00000000000000000000000000000000000000000000000000000000000000000000
   6 | 000000000000000000000000000000000000000
   7 | 00000000000000000000000000000000000000000
   8 | 00000000000000000000000000000000000000000000000000000000000000000000+15
   9 | 00000000000000000000000000000000000000000000000000000000000000
  10 | 00000000000000000000000000000000000000000000000000000000000000000000+63

PAIR_12Rev
  The decimal point is at the |

   0 | 0000000000000000000000000000000
   1 | 00000000000000000000000000
   2 | 0000000000000000000000000000000000000000000000000000000000
   3 | 00000000000000000000000000000000000000
   4 | 00000000000000000000000000000000000000000000000000000000000
   5 | 00000000000000000000000000000000000000000000000000000000000000000000
   6 | 00000000000000000000000000000000000000000000
   7 | 000000000000000000000000000000000000
   8 | 00000000000000000000000000000000000000000000000000000000000000000000+26
   9 | 00000000000000000000000000000000000000000000000000000000000000000000+15
  10 | 00000000000000000000000000000000000000000000000000000000000000000000+121

PAIR_13Rev
  The decimal point is at the |

   0 | 00000000000000000000000000000000000000000000000000000000000000000000+40
   1 | 00000000000000000000000000000000000000000000000000
   2 | 00000000000000000000000000000000000000000000000000000000000000000000+9
   3 | 000000000000000000000000000000000000000000
   4 | 0000000000000000000000000000000000000000000000000
   5 | 00000000000000000000000000000000000000000000000000000000000000000000+110
   6 | 000000000000000000000000000000000
   7 | 0000000000000000000000000
   8 | 0000000000000000000000000000000000000000000000000000
   9 | 0000000000000000000000000000000000000
  10 | 00000000000000000000000000000000000000000000000000000000000000000000+6

PAIR_14Rev
  The decimal point is at the |

   0 | 00000000000000000
   1 | 000000000000000000000000
   2 | 000000000000000000000000000000000000000000000000
   3 | 0000000000000000000000000000000
   4 | 0000000000000000000000000000000000000
   5 | 00000000000000000000000000000000000000000000000000000000000000000000+67
   6 | 000000000000000000000000000000000000000000
   7 | 000000000000000000000000000000000000000000
   8 | 00000000000000000000000000000000000000000000000000000000000000000000+27
   9 | 00000000000000000000000000000000000000000000000000000000000000000000
  10 | 00000000000000000000000000000000000000000000000000000000000000000000+125

PAIR_15Rev
  The decimal point is at the |

   0 | 00000000000000000000000000
   1 | 0000000000000000
   2 | 0000000000000000000000000000000000000000000000000000000000
   3 | 0000000000000000000000000000000000
   4 | 0000000000000000000000000000000000000000
   5 | 00000000000000000000000000000000000000000000000000000000000000000000+25
   6 | 000000000000000000000000000000000000
   7 | 00000000000000000000000000000000000000000
   8 | 00000000000000000000000000000000000000000000000000000000000000000000+39
   9 | 00000000000000000000000000000000000000000000000000000000000000000000+27
  10 | 00000000000000000000000000000000000000000000000000000000000000000000+111

           PAIR_1 PAIR_2 PAIR_3 PAIR_4 PAIR_5 PAIR_6Rev PAIR_7Rev PAIR_8Rev PAIR_9Rev PAIR_10Rev PAIR_11Rev PAIR_12Rev PAIR_13Rev
PAIR_2       0.68                                                                                                                
PAIR_3       0.66   0.60                                                                                                         
PAIR_4       0.68   0.66   0.61                                                                                                  
PAIR_5       0.55   0.55   0.49   0.62                                                                                           
PAIR_6Rev    0.21   0.23   0.15   0.23   0.27                                                                                    
PAIR_7Rev    0.32   0.34   0.30   0.32   0.36      0.24                                                                          
PAIR_8Rev    0.63   0.59   0.56   0.60   0.54      0.32      0.45                                                                
PAIR_9Rev    0.52   0.42   0.54   0.51   0.32      0.16      0.28      0.60                                                      
PAIR_10Rev   0.57   0.50   0.57   0.56   0.43      0.22      0.39      0.68      0.72                                            
PAIR_11Rev   0.53   0.50   0.52   0.53   0.47      0.32      0.41      0.67      0.55       0.60                                 
PAIR_12Rev   0.56   0.49   0.51   0.52   0.41      0.21      0.38      0.70      0.68       0.69       0.62                      
PAIR_13Rev   0.26   0.32   0.27   0.27   0.35      0.26      0.35      0.41      0.23       0.28       0.37       0.31           
PAIR_14Rev   0.46   0.41   0.46   0.42   0.34      0.25      0.38      0.63      0.61       0.60       0.53       0.60       0.30
PAIR_15Rev   0.62   0.54   0.55   0.61   0.47      0.27      0.42      0.75      0.69       0.72       0.62       0.71       0.29
           PAIR_14Rev
PAIR_2               
PAIR_3               
PAIR_4               
PAIR_5               
PAIR_6Rev            
PAIR_7Rev            
PAIR_8Rev            
PAIR_9Rev            
PAIR_10Rev           
PAIR_11Rev           
PAIR_12Rev           
PAIR_13Rev           
PAIR_14Rev           
PAIR_15Rev       0.61

Reliability analysis   
Call: psych::alpha(x = scale_df)

  raw_alpha std.alpha G6(smc) average_r S/N    ase mean  sd median_r
      0.93      0.93    0.94      0.47  13 0.0036  5.8 2.1      0.5

 lower alpha upper     95% confidence boundaries
0.92 0.93 0.94 

 Reliability if an item is dropped:
           raw_alpha std.alpha G6(smc) average_r S/N alpha se var.r med.r
PAIR_1          0.92      0.92    0.93      0.46  12   0.0039 0.024  0.47
PAIR_2          0.92      0.92    0.93      0.46  12   0.0039 0.025  0.49
PAIR_3          0.92      0.92    0.93      0.47  12   0.0039 0.025  0.47
PAIR_4          0.92      0.92    0.93      0.46  12   0.0039 0.025  0.47
PAIR_5          0.93      0.93    0.93      0.47  13   0.0037 0.026  0.51
PAIR_6Rev       0.93      0.93    0.94      0.50  14   0.0034 0.018  0.53
PAIR_7Rev       0.93      0.93    0.94      0.49  13   0.0036 0.025  0.53
PAIR_8Rev       0.92      0.92    0.93      0.45  11   0.0041 0.024  0.47
PAIR_9Rev       0.92      0.92    0.93      0.47  12   0.0039 0.023  0.49
PAIR_10Rev      0.92      0.92    0.93      0.46  12   0.0040 0.024  0.47
PAIR_11Rev      0.92      0.92    0.93      0.46  12   0.0039 0.026  0.47
PAIR_12Rev      0.92      0.92    0.93      0.46  12   0.0040 0.024  0.47
PAIR_13Rev      0.93      0.93    0.94      0.49  14   0.0034 0.023  0.53
PAIR_14Rev      0.93      0.92    0.93      0.47  12   0.0038 0.026  0.50
PAIR_15Rev      0.92      0.92    0.93      0.45  12   0.0040 0.023  0.47

 Item statistics 
             n raw.r std.r r.cor r.drop mean  sd
PAIR_1     773  0.77  0.78  0.76   0.73  6.0 2.9
PAIR_2     773  0.73  0.74  0.72   0.69  5.3 2.9
PAIR_3     773  0.73  0.73  0.71   0.68  5.9 2.9
PAIR_4     773  0.76  0.77  0.75   0.72  5.3 2.9
PAIR_5     773  0.67  0.67  0.64   0.61  4.6 3.0
PAIR_6Rev  773  0.40  0.41  0.34   0.33  4.8 2.7
PAIR_7Rev  773  0.56  0.56  0.51   0.49  5.2 2.9
PAIR_8Rev  773  0.86  0.86  0.86   0.83  5.8 3.2
PAIR_9Rev  773  0.74  0.73  0.72   0.69  7.2 3.0
PAIR_10Rev 773  0.80  0.80  0.79   0.76  6.7 3.1
PAIR_11Rev 773  0.78  0.77  0.75   0.73  5.5 3.4
PAIR_12Rev 773  0.79  0.79  0.78   0.75  6.6 3.1
PAIR_13Rev 773  0.50  0.50  0.44   0.42  4.5 3.2
PAIR_14Rev 773  0.71  0.71  0.69   0.66  6.7 2.9
PAIR_15Rev 773  0.84  0.84  0.83   0.81  6.8 3.0
scale_df 

 6  Variables      773  Observations
----------------------------------------------------------------------------------------------------------------------------------------
support_1 
       n  missing distinct     Info     Mean      Gmd      .05      .10      .25      .50      .75      .90      .95 
     773        0       11    0.983    6.013    3.048        1        2        5        6        8        9       10 
                                                                            
Value          0     1     2     3     4     5     6     7     8     9    10
Frequency     37    29    38    41    35   141    85    79   135    98    55
Proportion 0.048 0.038 0.049 0.053 0.045 0.182 0.110 0.102 0.175 0.127 0.071
----------------------------------------------------------------------------------------------------------------------------------------
support_2 
       n  missing distinct     Info     Mean      Gmd      .05      .10      .25      .50      .75      .90      .95 
     773        0       11    0.985    6.135     3.04        1        2        5        6        8        9       10 
                                                                            
Value          0     1     2     3     4     5     6     7     8     9    10
Frequency     32    25    47    39    41    97   112    81   141    90    68
Proportion 0.041 0.032 0.061 0.050 0.053 0.125 0.145 0.105 0.182 0.116 0.088
----------------------------------------------------------------------------------------------------------------------------------------
support_3 
       n  missing distinct     Info     Mean      Gmd      .05      .10      .25      .50      .75      .90      .95 
     773        0       11    0.986    6.155    3.125      1.0      2.0      5.0      7.0      8.0      9.8     10.0 
                                                                            
Value          0     1     2     3     4     5     6     7     8     9    10
Frequency     35    20    53    42    40   104    84    89   133    95    78
Proportion 0.045 0.026 0.069 0.054 0.052 0.135 0.109 0.115 0.172 0.123 0.101
----------------------------------------------------------------------------------------------------------------------------------------
support_4 
       n  missing distinct     Info     Mean      Gmd      .05      .10      .25      .50      .75      .90      .95 
     772        1       11    0.983    6.364    2.921        1        2        5        7        8        9       10 
                                                                            
Value          0     1     2     3     4     5     6     7     8     9    10
Frequency     29    24    33    34    33   103    96   104   151    88    77
Proportion 0.038 0.031 0.043 0.044 0.043 0.133 0.124 0.135 0.196 0.114 0.100
----------------------------------------------------------------------------------------------------------------------------------------
support_5Rev 
       n  missing distinct     Info     Mean      Gmd      .05      .10      .25      .50      .75      .90      .95 
     773        0       11    0.976    6.875    3.285        1        2        5        8        9       10       10 
                                                                            
Value          0     1     2     3     4     5     6     7     8     9    10
Frequency     21    26    48    38    38    79    58    43   108   122   192
Proportion 0.027 0.034 0.062 0.049 0.049 0.102 0.075 0.056 0.140 0.158 0.248
----------------------------------------------------------------------------------------------------------------------------------------
support_6 
       n  missing distinct     Info     Mean      Gmd      .05      .10      .25      .50      .75      .90      .95 
     773        0       11    0.983    6.463    2.909        1        2        5        7        8       10       10 
                                                                            
Value          0     1     2     3     4     5     6     7     8     9    10
Frequency     21    23    41    26    40   110    84    93   151   100    84
Proportion 0.027 0.030 0.053 0.034 0.052 0.142 0.109 0.120 0.195 0.129 0.109
----------------------------------------------------------------------------------------------------------------------------------------
support_1
  The decimal point is at the |

   0 | 0000000000000000000000000000000000000
   1 | 00000000000000000000000000000
   2 | 00000000000000000000000000000000000000
   3 | 00000000000000000000000000000000000000000
   4 | 00000000000000000000000000000000000
   5 | 00000000000000000000000000000000000000000000000000000000000000000000+61
   6 | 00000000000000000000000000000000000000000000000000000000000000000000+5
   7 | 00000000000000000000000000000000000000000000000000000000000000000000
   8 | 00000000000000000000000000000000000000000000000000000000000000000000+55
   9 | 00000000000000000000000000000000000000000000000000000000000000000000+18
  10 | 0000000000000000000000000000000000000000000000000000000

support_2
  The decimal point is at the |

   0 | 00000000000000000000000000000000
   1 | 0000000000000000000000000
   2 | 00000000000000000000000000000000000000000000000
   3 | 000000000000000000000000000000000000000
   4 | 00000000000000000000000000000000000000000
   5 | 00000000000000000000000000000000000000000000000000000000000000000000+17
   6 | 00000000000000000000000000000000000000000000000000000000000000000000+32
   7 | 00000000000000000000000000000000000000000000000000000000000000000000+1
   8 | 00000000000000000000000000000000000000000000000000000000000000000000+61
   9 | 00000000000000000000000000000000000000000000000000000000000000000000+10
  10 | 00000000000000000000000000000000000000000000000000000000000000000000

support_3
  The decimal point is at the |

   0 | 00000000000000000000000000000000000
   1 | 00000000000000000000
   2 | 00000000000000000000000000000000000000000000000000000
   3 | 000000000000000000000000000000000000000000
   4 | 0000000000000000000000000000000000000000
   5 | 00000000000000000000000000000000000000000000000000000000000000000000+24
   6 | 00000000000000000000000000000000000000000000000000000000000000000000+4
   7 | 00000000000000000000000000000000000000000000000000000000000000000000+9
   8 | 00000000000000000000000000000000000000000000000000000000000000000000+53
   9 | 00000000000000000000000000000000000000000000000000000000000000000000+15
  10 | 00000000000000000000000000000000000000000000000000000000000000000000

support_4
  The decimal point is at the |

   0 | 00000000000000000000000000000
   1 | 000000000000000000000000
   2 | 000000000000000000000000000000000
   3 | 0000000000000000000000000000000000
   4 | 000000000000000000000000000000000
   5 | 00000000000000000000000000000000000000000000000000000000000000000000+23
   6 | 00000000000000000000000000000000000000000000000000000000000000000000+16
   7 | 00000000000000000000000000000000000000000000000000000000000000000000+24
   8 | 00000000000000000000000000000000000000000000000000000000000000000000+71
   9 | 00000000000000000000000000000000000000000000000000000000000000000000+8
  10 | 00000000000000000000000000000000000000000000000000000000000000000000

support_5Rev
  The decimal point is at the |

   0 | 000000000000000000000
   1 | 00000000000000000000000000
   2 | 000000000000000000000000000000000000000000000000
   3 | 00000000000000000000000000000000000000
   4 | 00000000000000000000000000000000000000
   5 | 00000000000000000000000000000000000000000000000000000000000000000000
   6 | 0000000000000000000000000000000000000000000000000000000000
   7 | 0000000000000000000000000000000000000000000
   8 | 00000000000000000000000000000000000000000000000000000000000000000000+28
   9 | 00000000000000000000000000000000000000000000000000000000000000000000+42
  10 | 00000000000000000000000000000000000000000000000000000000000000000000+112

support_6
  The decimal point is at the |

   0 | 000000000000000000000
   1 | 00000000000000000000000
   2 | 00000000000000000000000000000000000000000
   3 | 00000000000000000000000000
   4 | 0000000000000000000000000000000000000000
   5 | 00000000000000000000000000000000000000000000000000000000000000000000+30
   6 | 00000000000000000000000000000000000000000000000000000000000000000000+4
   7 | 00000000000000000000000000000000000000000000000000000000000000000000+13
   8 | 00000000000000000000000000000000000000000000000000000000000000000000+71
   9 | 00000000000000000000000000000000000000000000000000000000000000000000+20
  10 | 00000000000000000000000000000000000000000000000000000000000000000000+4

             support_1 support_2 support_3 support_4 support_5Rev
support_2         0.69                                           
support_3         0.70      0.82                                 
support_4         0.68      0.74      0.78                       
support_5Rev      0.44      0.57      0.62      0.55             
support_6         0.70      0.77      0.76      0.70         0.52

Reliability analysis   
Call: psych::alpha(x = scale_df)

  raw_alpha std.alpha G6(smc) average_r S/N    ase mean  sd median_r
      0.92      0.92    0.92      0.67  12 0.0044  6.3 2.3      0.7

 lower alpha upper     95% confidence boundaries
0.91 0.92 0.93 

 Reliability if an item is dropped:
             raw_alpha std.alpha G6(smc) average_r  S/N alpha se  var.r med.r
support_1         0.91      0.91    0.90      0.68 10.8   0.0051 0.0118  0.72
support_2         0.90      0.90    0.89      0.64  9.1   0.0059 0.0121  0.69
support_3         0.89      0.90    0.88      0.64  8.7   0.0061 0.0120  0.69
support_4         0.90      0.91    0.90      0.66  9.6   0.0056 0.0143  0.69
support_5Rev      0.93      0.93    0.92      0.73 13.8   0.0039 0.0021  0.72
support_6         0.90      0.91    0.90      0.66  9.6   0.0056 0.0133  0.69

 Item statistics 
               n raw.r std.r r.cor r.drop mean  sd
support_1    773  0.82  0.82  0.77   0.74  6.0 2.7
support_2    773  0.90  0.90  0.88   0.85  6.1 2.7
support_3    773  0.92  0.92  0.91   0.87  6.2 2.8
support_4    772  0.87  0.87  0.84   0.81  6.4 2.6
support_5Rev 773  0.73  0.72  0.63   0.61  6.9 3.0
support_6    773  0.87  0.87  0.84   0.81  6.5 2.6
scale_df 

 5  Variables      773  Observations
----------------------------------------------------------------------------------------------------------------------------------------
SWL_1 
       n  missing distinct     Info     Mean      Gmd 
     773        0        7    0.956    4.361    1.814 
                                                    
Value          1     2     3     4     5     6     7
Frequency     41   100    97    90   231   174    40
Proportion 0.053 0.129 0.125 0.116 0.299 0.225 0.052
----------------------------------------------------------------------------------------------------------------------------------------
SWL_2 
       n  missing distinct     Info     Mean      Gmd 
     770        3        7    0.953    4.756    1.681 
                                                    
Value          1     2     3     4     5     6     7
Frequency     16    67    91   100   209   215    72
Proportion 0.021 0.087 0.118 0.130 0.271 0.279 0.094
----------------------------------------------------------------------------------------------------------------------------------------
SWL_3 
       n  missing distinct     Info     Mean      Gmd 
     771        2        7    0.945    4.853    1.734 
                                                    
Value          1     2     3     4     5     6     7
Frequency     27    56    91    79   175   262    81
Proportion 0.035 0.073 0.118 0.102 0.227 0.340 0.105
----------------------------------------------------------------------------------------------------------------------------------------
SWL_4 
       n  missing distinct     Info     Mean      Gmd 
     773        0        7    0.957    4.761    1.789 
                                                    
Value          1     2     3     4     5     6     7
Frequency     28    68    85    94   192   217    89
Proportion 0.036 0.088 0.110 0.122 0.248 0.281 0.115
----------------------------------------------------------------------------------------------------------------------------------------
SWL_5 
       n  missing distinct     Info     Mean      Gmd 
     773        0        7    0.976    3.953    2.153 
                                                    
Value          1     2     3     4     5     6     7
Frequency     80   152   107    98   128   137    71
Proportion 0.103 0.197 0.138 0.127 0.166 0.177 0.092
----------------------------------------------------------------------------------------------------------------------------------------
SWL_1
  The decimal point is at the |

  1 | 00000000000000000000000000000000000000000
  1 | 
  2 | 00000000000000000000000000000000000000000000000000000000000000000000+20
  2 | 
  3 | 00000000000000000000000000000000000000000000000000000000000000000000+17
  3 | 
  4 | 00000000000000000000000000000000000000000000000000000000000000000000+10
  4 | 
  5 | 00000000000000000000000000000000000000000000000000000000000000000000+151
  5 | 
  6 | 00000000000000000000000000000000000000000000000000000000000000000000+94
  6 | 
  7 | 0000000000000000000000000000000000000000

SWL_2
  The decimal point is at the |

  1 | 0000000000000000
  1 | 
  2 | 0000000000000000000000000000000000000000000000000000000000000000000
  2 | 
  3 | 00000000000000000000000000000000000000000000000000000000000000000000+11
  3 | 
  4 | 00000000000000000000000000000000000000000000000000000000000000000000+20
  4 | 
  5 | 00000000000000000000000000000000000000000000000000000000000000000000+129
  5 | 
  6 | 00000000000000000000000000000000000000000000000000000000000000000000+135
  6 | 
  7 | 00000000000000000000000000000000000000000000000000000000000000000000

SWL_3
  The decimal point is at the |

  1 | 000000000000000000000000000
  1 | 
  2 | 00000000000000000000000000000000000000000000000000000000
  2 | 
  3 | 00000000000000000000000000000000000000000000000000000000000000000000+11
  3 | 
  4 | 00000000000000000000000000000000000000000000000000000000000000000000
  4 | 
  5 | 00000000000000000000000000000000000000000000000000000000000000000000+95
  5 | 
  6 | 00000000000000000000000000000000000000000000000000000000000000000000+182
  6 | 
  7 | 00000000000000000000000000000000000000000000000000000000000000000000+1

SWL_4
  The decimal point is at the |

  1 | 0000000000000000000000000000
  1 | 
  2 | 00000000000000000000000000000000000000000000000000000000000000000000
  2 | 
  3 | 00000000000000000000000000000000000000000000000000000000000000000000+5
  3 | 
  4 | 00000000000000000000000000000000000000000000000000000000000000000000+14
  4 | 
  5 | 00000000000000000000000000000000000000000000000000000000000000000000+112
  5 | 
  6 | 00000000000000000000000000000000000000000000000000000000000000000000+137
  6 | 
  7 | 00000000000000000000000000000000000000000000000000000000000000000000+9

SWL_5
  The decimal point is at the |

  1 | 00000000000000000000000000000000000000000000000000000000000000000000
  1 | 
  2 | 00000000000000000000000000000000000000000000000000000000000000000000+72
  2 | 
  3 | 00000000000000000000000000000000000000000000000000000000000000000000+27
  3 | 
  4 | 00000000000000000000000000000000000000000000000000000000000000000000+18
  4 | 
  5 | 00000000000000000000000000000000000000000000000000000000000000000000+48
  5 | 
  6 | 00000000000000000000000000000000000000000000000000000000000000000000+57
  6 | 
  7 | 00000000000000000000000000000000000000000000000000000000000000000000

      SWL_1 SWL_2 SWL_3 SWL_4
SWL_2  0.74                  
SWL_3  0.76  0.78            
SWL_4  0.67  0.64  0.70      
SWL_5  0.60  0.57  0.62  0.56

Reliability analysis   
Call: psych::alpha(x = scale_df)

  raw_alpha std.alpha G6(smc) average_r S/N    ase mean  sd median_r
       0.9      0.91    0.89      0.66 9.9 0.0055  4.5 1.4     0.65

 lower alpha upper     95% confidence boundaries
0.89 0.9 0.92 

 Reliability if an item is dropped:
      raw_alpha std.alpha G6(smc) average_r  S/N alpha se  var.r med.r
SWL_1      0.87      0.88    0.85      0.65  7.3   0.0075 0.0070  0.63
SWL_2      0.88      0.88    0.86      0.65  7.5   0.0072 0.0053  0.65
SWL_3      0.87      0.87    0.84      0.63  6.8   0.0079 0.0047  0.62
SWL_4      0.89      0.89    0.87      0.68  8.5   0.0067 0.0089  0.68
SWL_5      0.91      0.91    0.89      0.72 10.1   0.0054 0.0031  0.72

 Item statistics 
        n raw.r std.r r.cor r.drop mean  sd
SWL_1 773  0.88  0.88  0.85   0.81  4.4 1.6
SWL_2 770  0.86  0.87  0.84   0.79  4.8 1.5
SWL_3 771  0.90  0.90  0.89   0.84  4.9 1.6
SWL_4 773  0.83  0.83  0.77   0.74  4.8 1.6
SWL_5 773  0.80  0.78  0.69   0.66  4.0 1.9

Non missing response frequency for each item
         1    2    3    4    5    6    7 miss
SWL_1 0.05 0.13 0.13 0.12 0.30 0.23 0.05    0
SWL_2 0.02 0.09 0.12 0.13 0.27 0.28 0.09    0
SWL_3 0.04 0.07 0.12 0.10 0.23 0.34 0.11    0
SWL_4 0.04 0.09 0.11 0.12 0.25 0.28 0.12    0
SWL_5 0.10 0.20 0.14 0.13 0.17 0.18 0.09    0
null device 
          1 
